start=5.623366
contrast=1.000000
